5245775.0 5247050.0 5248325.0 5249600.0 5250875.0 5252150.0 5253425.0 5254700.0 5255975.0 5257250.0 5258525.0 5259800.0 5261075.0 5262350.0 5263625.0 5264900.0 5266175.0 5267450.0 5268725.0 5270000.0 5271275.0 5272550.0 5273825.0 5275100.0 5276375.0 5277650.0 5278925.0 5280200.0 5281475.0 5282750.0 5284025.0 5285300.0 5286575.0 5287850.0 5289125.0 5290400.0 5291675.0 5292950.0 5294225.0 5295500.0 5296775.0 5298050.0 5299325.0 5300600.0 5301875.0 5303150.0 5304425.0 5305700.0 5306975.0 5308250.0 
14510775.0 14514550.0 14518325.0 14522100.0 14525875.0 14529650.0 14533425.0 14537200.0 14540975.0 14544750.0 14548525.0 14552300.0 14556075.0 14559850.0 14563625.0 14567400.0 14571175.0 14574950.0 14578725.0 14582500.0 14586275.0 14590050.0 14593825.0 14597600.0 14601375.0 14605150.0 14608925.0 14612700.0 14616475.0 14620250.0 14624025.0 14627800.0 14631575.0 14635350.0 14639125.0 14642900.0 14646675.0 14650450.0 14654225.0 14658000.0 14661775.0 14665550.0 14669325.0 14673100.0 14676875.0 14680650.0 14684425.0 14688200.0 14691975.0 14695750.0 
23775775.0 23782050.0 23788325.0 23794600.0 23800875.0 23807150.0 23813425.0 23819700.0 23825975.0 23832250.0 23838525.0 23844800.0 23851075.0 23857350.0 23863625.0 23869900.0 23876175.0 23882450.0 23888725.0 23895000.0 23901275.0 23907550.0 23913825.0 23920100.0 23926375.0 23932650.0 23938925.0 23945200.0 23951475.0 23957750.0 23964025.0 23970300.0 23976575.0 23982850.0 23989125.0 23995400.0 24001675.0 24007950.0 24014225.0 24020500.0 24026775.0 24033050.0 24039325.0 24045600.0 24051875.0 24058150.0 24064425.0 24070700.0 24076975.0 24083250.0 
33040775.0 33049550.0 33058325.0 33067100.0 33075875.0 33084650.0 33093425.0 33102200.0 33110975.0 33119750.0 33128525.0 33137300.0 33146075.0 33154850.0 33163625.0 33172400.0 33181175.0 33189950.0 33198725.0 33207500.0 33216275.0 33225050.0 33233825.0 33242600.0 33251375.0 33260150.0 33268925.0 33277700.0 33286475.0 33295250.0 33304025.0 33312800.0 33321575.0 33330350.0 33339125.0 33347900.0 33356675.0 33365450.0 33374225.0 33383000.0 33391775.0 33400550.0 33409325.0 33418100.0 33426875.0 33435650.0 33444425.0 33453200.0 33461975.0 33470750.0 
42305775.0 42317050.0 42328325.0 42339600.0 42350875.0 42362150.0 42373425.0 42384700.0 42395975.0 42407250.0 42418525.0 42429800.0 42441075.0 42452350.0 42463625.0 42474900.0 42486175.0 42497450.0 42508725.0 42520000.0 42531275.0 42542550.0 42553825.0 42565100.0 42576375.0 42587650.0 42598925.0 42610200.0 42621475.0 42632750.0 42644025.0 42655300.0 42666575.0 42677850.0 42689125.0 42700400.0 42711675.0 42722950.0 42734225.0 42745500.0 42756775.0 42768050.0 42779325.0 42790600.0 42801875.0 42813150.0 42824425.0 42835700.0 42846975.0 42858250.0 
51570775.0 51584550.0 51598325.0 51612100.0 51625875.0 51639650.0 51653425.0 51667200.0 51680975.0 51694750.0 51708525.0 51722300.0 51736075.0 51749850.0 51763625.0 51777400.0 51791175.0 51804950.0 51818725.0 51832500.0 51846275.0 51860050.0 51873825.0 51887600.0 51901375.0 51915150.0 51928925.0 51942700.0 51956475.0 51970250.0 51984025.0 51997800.0 52011575.0 52025350.0 52039125.0 52052900.0 52066675.0 52080450.0 52094225.0 52108000.0 52121775.0 52135550.0 52149325.0 52163100.0 52176875.0 52190650.0 52204425.0 52218200.0 52231975.0 52245750.0 
60835775.0 60852050.0 60868325.0 60884600.0 60900875.0 60917150.0 60933425.0 60949700.0 60965975.0 60982250.0 60998525.0 61014800.0 61031075.0 61047350.0 61063625.0 61079900.0 61096175.0 61112450.0 61128725.0 61145000.0 61161275.0 61177550.0 61193825.0 61210100.0 61226375.0 61242650.0 61258925.0 61275200.0 61291475.0 61307750.0 61324025.0 61340300.0 61356575.0 61372850.0 61389125.0 61405400.0 61421675.0 61437950.0 61454225.0 61470500.0 61486775.0 61503050.0 61519325.0 61535600.0 61551875.0 61568150.0 61584425.0 61600700.0 61616975.0 61633250.0 
70100775.0 70119550.0 70138325.0 70157100.0 70175875.0 70194650.0 70213425.0 70232200.0 70250975.0 70269750.0 70288525.0 70307300.0 70326075.0 70344850.0 70363625.0 70382400.0 70401175.0 70419950.0 70438725.0 70457500.0 70476275.0 70495050.0 70513825.0 70532600.0 70551375.0 70570150.0 70588925.0 70607700.0 70626475.0 70645250.0 70664025.0 70682800.0 70701575.0 70720350.0 70739125.0 70757900.0 70776675.0 70795450.0 70814225.0 70833000.0 70851775.0 70870550.0 70889325.0 70908100.0 70926875.0 70945650.0 70964425.0 70983200.0 71001975.0 71020750.0 
79365775.0 79387050.0 79408325.0 79429600.0 79450875.0 79472150.0 79493425.0 79514700.0 79535975.0 79557250.0 79578525.0 79599800.0 79621075.0 79642350.0 79663625.0 79684900.0 79706175.0 79727450.0 79748725.0 79770000.0 79791275.0 79812550.0 79833825.0 79855100.0 79876375.0 79897650.0 79918925.0 79940200.0 79961475.0 79982750.0 80004025.0 80025300.0 80046575.0 80067850.0 80089125.0 80110400.0 80131675.0 80152950.0 80174225.0 80195500.0 80216775.0 80238050.0 80259325.0 80280600.0 80301875.0 80323150.0 80344425.0 80365700.0 80386975.0 80408250.0 
88630775.0 88654550.0 88678325.0 88702100.0 88725875.0 88749650.0 88773425.0 88797200.0 88820975.0 88844750.0 88868525.0 88892300.0 88916075.0 88939850.0 88963625.0 88987400.0 89011175.0 89034950.0 89058725.0 89082500.0 89106275.0 89130050.0 89153825.0 89177600.0 89201375.0 89225150.0 89248925.0 89272700.0 89296475.0 89320250.0 89344025.0 89367800.0 89391575.0 89415350.0 89439125.0 89462900.0 89486675.0 89510450.0 89534225.0 89558000.0 89581775.0 89605550.0 89629325.0 89653100.0 89676875.0 89700650.0 89724425.0 89748200.0 89771975.0 89795750.0 
97895775.0 97922050.0 97948325.0 97974600.0 98000875.0 98027150.0 98053425.0 98079700.0 98105975.0 98132250.0 98158525.0 98184800.0 98211075.0 98237350.0 98263625.0 98289900.0 98316175.0 98342450.0 98368725.0 98395000.0 98421275.0 98447550.0 98473825.0 98500100.0 98526375.0 98552650.0 98578925.0 98605200.0 98631475.0 98657750.0 98684025.0 98710300.0 98736575.0 98762850.0 98789125.0 98815400.0 98841675.0 98867950.0 98894225.0 98920500.0 98946775.0 98973050.0 98999325.0 99025600.0 99051875.0 99078150.0 99104425.0 99130700.0 99156975.0 99183250.0 
107160775.0 107189550.0 107218325.0 107247100.0 107275875.0 107304650.0 107333425.0 107362200.0 107390975.0 107419750.0 107448525.0 107477300.0 107506075.0 107534850.0 107563625.0 107592400.0 107621175.0 107649950.0 107678725.0 107707500.0 107736275.0 107765050.0 107793825.0 107822600.0 107851375.0 107880150.0 107908925.0 107937700.0 107966475.0 107995250.0 108024025.0 108052800.0 108081575.0 108110350.0 108139125.0 108167900.0 108196675.0 108225450.0 108254225.0 108283000.0 108311775.0 108340550.0 108369325.0 108398100.0 108426875.0 108455650.0 108484425.0 108513200.0 108541975.0 108570750.0 
116425775.0 116457050.0 116488325.0 116519600.0 116550875.0 116582150.0 116613425.0 116644700.0 116675975.0 116707250.0 116738525.0 116769800.0 116801075.0 116832350.0 116863625.0 116894900.0 116926175.0 116957450.0 116988725.0 117020000.0 117051275.0 117082550.0 117113825.0 117145100.0 117176375.0 117207650.0 117238925.0 117270200.0 117301475.0 117332750.0 117364025.0 117395300.0 117426575.0 117457850.0 117489125.0 117520400.0 117551675.0 117582950.0 117614225.0 117645500.0 117676775.0 117708050.0 117739325.0 117770600.0 117801875.0 117833150.0 117864425.0 117895700.0 117926975.0 117958250.0 
125690775.0 125724550.0 125758325.0 125792100.0 125825875.0 125859650.0 125893425.0 125927200.0 125960975.0 125994750.0 126028525.0 126062300.0 126096075.0 126129850.0 126163625.0 126197400.0 126231175.0 126264950.0 126298725.0 126332500.0 126366275.0 126400050.0 126433825.0 126467600.0 126501375.0 126535150.0 126568925.0 126602700.0 126636475.0 126670250.0 126704025.0 126737800.0 126771575.0 126805350.0 126839125.0 126872900.0 126906675.0 126940450.0 126974225.0 127008000.0 127041775.0 127075550.0 127109325.0 127143100.0 127176875.0 127210650.0 127244425.0 127278200.0 127311975.0 127345750.0 
134955775.0 134992050.0 135028325.0 135064600.0 135100875.0 135137150.0 135173425.0 135209700.0 135245975.0 135282250.0 135318525.0 135354800.0 135391075.0 135427350.0 135463625.0 135499900.0 135536175.0 135572450.0 135608725.0 135645000.0 135681275.0 135717550.0 135753825.0 135790100.0 135826375.0 135862650.0 135898925.0 135935200.0 135971475.0 136007750.0 136044025.0 136080300.0 136116575.0 136152850.0 136189125.0 136225400.0 136261675.0 136297950.0 136334225.0 136370500.0 136406775.0 136443050.0 136479325.0 136515600.0 136551875.0 136588150.0 136624425.0 136660700.0 136696975.0 136733250.0 
144220775.0 144259550.0 144298325.0 144337100.0 144375875.0 144414650.0 144453425.0 144492200.0 144530975.0 144569750.0 144608525.0 144647300.0 144686075.0 144724850.0 144763625.0 144802400.0 144841175.0 144879950.0 144918725.0 144957500.0 144996275.0 145035050.0 145073825.0 145112600.0 145151375.0 145190150.0 145228925.0 145267700.0 145306475.0 145345250.0 145384025.0 145422800.0 145461575.0 145500350.0 145539125.0 145577900.0 145616675.0 145655450.0 145694225.0 145733000.0 145771775.0 145810550.0 145849325.0 145888100.0 145926875.0 145965650.0 146004425.0 146043200.0 146081975.0 146120750.0 
153485775.0 153527050.0 153568325.0 153609600.0 153650875.0 153692150.0 153733425.0 153774700.0 153815975.0 153857250.0 153898525.0 153939800.0 153981075.0 154022350.0 154063625.0 154104900.0 154146175.0 154187450.0 154228725.0 154270000.0 154311275.0 154352550.0 154393825.0 154435100.0 154476375.0 154517650.0 154558925.0 154600200.0 154641475.0 154682750.0 154724025.0 154765300.0 154806575.0 154847850.0 154889125.0 154930400.0 154971675.0 155012950.0 155054225.0 155095500.0 155136775.0 155178050.0 155219325.0 155260600.0 155301875.0 155343150.0 155384425.0 155425700.0 155466975.0 155508250.0 
162750775.0 162794550.0 162838325.0 162882100.0 162925875.0 162969650.0 163013425.0 163057200.0 163100975.0 163144750.0 163188525.0 163232300.0 163276075.0 163319850.0 163363625.0 163407400.0 163451175.0 163494950.0 163538725.0 163582500.0 163626275.0 163670050.0 163713825.0 163757600.0 163801375.0 163845150.0 163888925.0 163932700.0 163976475.0 164020250.0 164064025.0 164107800.0 164151575.0 164195350.0 164239125.0 164282900.0 164326675.0 164370450.0 164414225.0 164458000.0 164501775.0 164545550.0 164589325.0 164633100.0 164676875.0 164720650.0 164764425.0 164808200.0 164851975.0 164895750.0 
172015775.0 172062050.0 172108325.0 172154600.0 172200875.0 172247150.0 172293425.0 172339700.0 172385975.0 172432250.0 172478525.0 172524800.0 172571075.0 172617350.0 172663625.0 172709900.0 172756175.0 172802450.0 172848725.0 172895000.0 172941275.0 172987550.0 173033825.0 173080100.0 173126375.0 173172650.0 173218925.0 173265200.0 173311475.0 173357750.0 173404025.0 173450300.0 173496575.0 173542850.0 173589125.0 173635400.0 173681675.0 173727950.0 173774225.0 173820500.0 173866775.0 173913050.0 173959325.0 174005600.0 174051875.0 174098150.0 174144425.0 174190700.0 174236975.0 174283250.0 
181280775.0 181329550.0 181378325.0 181427100.0 181475875.0 181524650.0 181573425.0 181622200.0 181670975.0 181719750.0 181768525.0 181817300.0 181866075.0 181914850.0 181963625.0 182012400.0 182061175.0 182109950.0 182158725.0 182207500.0 182256275.0 182305050.0 182353825.0 182402600.0 182451375.0 182500150.0 182548925.0 182597700.0 182646475.0 182695250.0 182744025.0 182792800.0 182841575.0 182890350.0 182939125.0 182987900.0 183036675.0 183085450.0 183134225.0 183183000.0 183231775.0 183280550.0 183329325.0 183378100.0 183426875.0 183475650.0 183524425.0 183573200.0 183621975.0 183670750.0 
190545775.0 190597050.0 190648325.0 190699600.0 190750875.0 190802150.0 190853425.0 190904700.0 190955975.0 191007250.0 191058525.0 191109800.0 191161075.0 191212350.0 191263625.0 191314900.0 191366175.0 191417450.0 191468725.0 191520000.0 191571275.0 191622550.0 191673825.0 191725100.0 191776375.0 191827650.0 191878925.0 191930200.0 191981475.0 192032750.0 192084025.0 192135300.0 192186575.0 192237850.0 192289125.0 192340400.0 192391675.0 192442950.0 192494225.0 192545500.0 192596775.0 192648050.0 192699325.0 192750600.0 192801875.0 192853150.0 192904425.0 192955700.0 193006975.0 193058250.0 
199810775.0 199864550.0 199918325.0 199972100.0 200025875.0 200079650.0 200133425.0 200187200.0 200240975.0 200294750.0 200348525.0 200402300.0 200456075.0 200509850.0 200563625.0 200617400.0 200671175.0 200724950.0 200778725.0 200832500.0 200886275.0 200940050.0 200993825.0 201047600.0 201101375.0 201155150.0 201208925.0 201262700.0 201316475.0 201370250.0 201424025.0 201477800.0 201531575.0 201585350.0 201639125.0 201692900.0 201746675.0 201800450.0 201854225.0 201908000.0 201961775.0 202015550.0 202069325.0 202123100.0 202176875.0 202230650.0 202284425.0 202338200.0 202391975.0 202445750.0 
209075775.0 209132050.0 209188325.0 209244600.0 209300875.0 209357150.0 209413425.0 209469700.0 209525975.0 209582250.0 209638525.0 209694800.0 209751075.0 209807350.0 209863625.0 209919900.0 209976175.0 210032450.0 210088725.0 210145000.0 210201275.0 210257550.0 210313825.0 210370100.0 210426375.0 210482650.0 210538925.0 210595200.0 210651475.0 210707750.0 210764025.0 210820300.0 210876575.0 210932850.0 210989125.0 211045400.0 211101675.0 211157950.0 211214225.0 211270500.0 211326775.0 211383050.0 211439325.0 211495600.0 211551875.0 211608150.0 211664425.0 211720700.0 211776975.0 211833250.0 
218340775.0 218399550.0 218458325.0 218517100.0 218575875.0 218634650.0 218693425.0 218752200.0 218810975.0 218869750.0 218928525.0 218987300.0 219046075.0 219104850.0 219163625.0 219222400.0 219281175.0 219339950.0 219398725.0 219457500.0 219516275.0 219575050.0 219633825.0 219692600.0 219751375.0 219810150.0 219868925.0 219927700.0 219986475.0 220045250.0 220104025.0 220162800.0 220221575.0 220280350.0 220339125.0 220397900.0 220456675.0 220515450.0 220574225.0 220633000.0 220691775.0 220750550.0 220809325.0 220868100.0 220926875.0 220985650.0 221044425.0 221103200.0 221161975.0 221220750.0 
227605775.0 227667050.0 227728325.0 227789600.0 227850875.0 227912150.0 227973425.0 228034700.0 228095975.0 228157250.0 228218525.0 228279800.0 228341075.0 228402350.0 228463625.0 228524900.0 228586175.0 228647450.0 228708725.0 228770000.0 228831275.0 228892550.0 228953825.0 229015100.0 229076375.0 229137650.0 229198925.0 229260200.0 229321475.0 229382750.0 229444025.0 229505300.0 229566575.0 229627850.0 229689125.0 229750400.0 229811675.0 229872950.0 229934225.0 229995500.0 230056775.0 230118050.0 230179325.0 230240600.0 230301875.0 230363150.0 230424425.0 230485700.0 230546975.0 230608250.0 
236870775.0 236934550.0 236998325.0 237062100.0 237125875.0 237189650.0 237253425.0 237317200.0 237380975.0 237444750.0 237508525.0 237572300.0 237636075.0 237699850.0 237763625.0 237827400.0 237891175.0 237954950.0 238018725.0 238082500.0 238146275.0 238210050.0 238273825.0 238337600.0 238401375.0 238465150.0 238528925.0 238592700.0 238656475.0 238720250.0 238784025.0 238847800.0 238911575.0 238975350.0 239039125.0 239102900.0 239166675.0 239230450.0 239294225.0 239358000.0 239421775.0 239485550.0 239549325.0 239613100.0 239676875.0 239740650.0 239804425.0 239868200.0 239931975.0 239995750.0 
246135775.0 246202050.0 246268325.0 246334600.0 246400875.0 246467150.0 246533425.0 246599700.0 246665975.0 246732250.0 246798525.0 246864800.0 246931075.0 246997350.0 247063625.0 247129900.0 247196175.0 247262450.0 247328725.0 247395000.0 247461275.0 247527550.0 247593825.0 247660100.0 247726375.0 247792650.0 247858925.0 247925200.0 247991475.0 248057750.0 248124025.0 248190300.0 248256575.0 248322850.0 248389125.0 248455400.0 248521675.0 248587950.0 248654225.0 248720500.0 248786775.0 248853050.0 248919325.0 248985600.0 249051875.0 249118150.0 249184425.0 249250700.0 249316975.0 249383250.0 
255400775.0 255469550.0 255538325.0 255607100.0 255675875.0 255744650.0 255813425.0 255882200.0 255950975.0 256019750.0 256088525.0 256157300.0 256226075.0 256294850.0 256363625.0 256432400.0 256501175.0 256569950.0 256638725.0 256707500.0 256776275.0 256845050.0 256913825.0 256982600.0 257051375.0 257120150.0 257188925.0 257257700.0 257326475.0 257395250.0 257464025.0 257532800.0 257601575.0 257670350.0 257739125.0 257807900.0 257876675.0 257945450.0 258014225.0 258083000.0 258151775.0 258220550.0 258289325.0 258358100.0 258426875.0 258495650.0 258564425.0 258633200.0 258701975.0 258770750.0 
264665775.0 264737050.0 264808325.0 264879600.0 264950875.0 265022150.0 265093425.0 265164700.0 265235975.0 265307250.0 265378525.0 265449800.0 265521075.0 265592350.0 265663625.0 265734900.0 265806175.0 265877450.0 265948725.0 266020000.0 266091275.0 266162550.0 266233825.0 266305100.0 266376375.0 266447650.0 266518925.0 266590200.0 266661475.0 266732750.0 266804025.0 266875300.0 266946575.0 267017850.0 267089125.0 267160400.0 267231675.0 267302950.0 267374225.0 267445500.0 267516775.0 267588050.0 267659325.0 267730600.0 267801875.0 267873150.0 267944425.0 268015700.0 268086975.0 268158250.0 
273930775.0 274004550.0 274078325.0 274152100.0 274225875.0 274299650.0 274373425.0 274447200.0 274520975.0 274594750.0 274668525.0 274742300.0 274816075.0 274889850.0 274963625.0 275037400.0 275111175.0 275184950.0 275258725.0 275332500.0 275406275.0 275480050.0 275553825.0 275627600.0 275701375.0 275775150.0 275848925.0 275922700.0 275996475.0 276070250.0 276144025.0 276217800.0 276291575.0 276365350.0 276439125.0 276512900.0 276586675.0 276660450.0 276734225.0 276808000.0 276881775.0 276955550.0 277029325.0 277103100.0 277176875.0 277250650.0 277324425.0 277398200.0 277471975.0 277545750.0 
283195775.0 283272050.0 283348325.0 283424600.0 283500875.0 283577150.0 283653425.0 283729700.0 283805975.0 283882250.0 283958525.0 284034800.0 284111075.0 284187350.0 284263625.0 284339900.0 284416175.0 284492450.0 284568725.0 284645000.0 284721275.0 284797550.0 284873825.0 284950100.0 285026375.0 285102650.0 285178925.0 285255200.0 285331475.0 285407750.0 285484025.0 285560300.0 285636575.0 285712850.0 285789125.0 285865400.0 285941675.0 286017950.0 286094225.0 286170500.0 286246775.0 286323050.0 286399325.0 286475600.0 286551875.0 286628150.0 286704425.0 286780700.0 286856975.0 286933250.0 
292460775.0 292539550.0 292618325.0 292697100.0 292775875.0 292854650.0 292933425.0 293012200.0 293090975.0 293169750.0 293248525.0 293327300.0 293406075.0 293484850.0 293563625.0 293642400.0 293721175.0 293799950.0 293878725.0 293957500.0 294036275.0 294115050.0 294193825.0 294272600.0 294351375.0 294430150.0 294508925.0 294587700.0 294666475.0 294745250.0 294824025.0 294902800.0 294981575.0 295060350.0 295139125.0 295217900.0 295296675.0 295375450.0 295454225.0 295533000.0 295611775.0 295690550.0 295769325.0 295848100.0 295926875.0 296005650.0 296084425.0 296163200.0 296241975.0 296320750.0 
301725775.0 301807050.0 301888325.0 301969600.0 302050875.0 302132150.0 302213425.0 302294700.0 302375975.0 302457250.0 302538525.0 302619800.0 302701075.0 302782350.0 302863625.0 302944900.0 303026175.0 303107450.0 303188725.0 303270000.0 303351275.0 303432550.0 303513825.0 303595100.0 303676375.0 303757650.0 303838925.0 303920200.0 304001475.0 304082750.0 304164025.0 304245300.0 304326575.0 304407850.0 304489125.0 304570400.0 304651675.0 304732950.0 304814225.0 304895500.0 304976775.0 305058050.0 305139325.0 305220600.0 305301875.0 305383150.0 305464425.0 305545700.0 305626975.0 305708250.0 
310990775.0 311074550.0 311158325.0 311242100.0 311325875.0 311409650.0 311493425.0 311577200.0 311660975.0 311744750.0 311828525.0 311912300.0 311996075.0 312079850.0 312163625.0 312247400.0 312331175.0 312414950.0 312498725.0 312582500.0 312666275.0 312750050.0 312833825.0 312917600.0 313001375.0 313085150.0 313168925.0 313252700.0 313336475.0 313420250.0 313504025.0 313587800.0 313671575.0 313755350.0 313839125.0 313922900.0 314006675.0 314090450.0 314174225.0 314258000.0 314341775.0 314425550.0 314509325.0 314593100.0 314676875.0 314760650.0 314844425.0 314928200.0 315011975.0 315095750.0 
320255775.0 320342050.0 320428325.0 320514600.0 320600875.0 320687150.0 320773425.0 320859700.0 320945975.0 321032250.0 321118525.0 321204800.0 321291075.0 321377350.0 321463625.0 321549900.0 321636175.0 321722450.0 321808725.0 321895000.0 321981275.0 322067550.0 322153825.0 322240100.0 322326375.0 322412650.0 322498925.0 322585200.0 322671475.0 322757750.0 322844025.0 322930300.0 323016575.0 323102850.0 323189125.0 323275400.0 323361675.0 323447950.0 323534225.0 323620500.0 323706775.0 323793050.0 323879325.0 323965600.0 324051875.0 324138150.0 324224425.0 324310700.0 324396975.0 324483250.0 
329520775.0 329609550.0 329698325.0 329787100.0 329875875.0 329964650.0 330053425.0 330142200.0 330230975.0 330319750.0 330408525.0 330497300.0 330586075.0 330674850.0 330763625.0 330852400.0 330941175.0 331029950.0 331118725.0 331207500.0 331296275.0 331385050.0 331473825.0 331562600.0 331651375.0 331740150.0 331828925.0 331917700.0 332006475.0 332095250.0 332184025.0 332272800.0 332361575.0 332450350.0 332539125.0 332627900.0 332716675.0 332805450.0 332894225.0 332983000.0 333071775.0 333160550.0 333249325.0 333338100.0 333426875.0 333515650.0 333604425.0 333693200.0 333781975.0 333870750.0 
338785775.0 338877050.0 338968325.0 339059600.0 339150875.0 339242150.0 339333425.0 339424700.0 339515975.0 339607250.0 339698525.0 339789800.0 339881075.0 339972350.0 340063625.0 340154900.0 340246175.0 340337450.0 340428725.0 340520000.0 340611275.0 340702550.0 340793825.0 340885100.0 340976375.0 341067650.0 341158925.0 341250200.0 341341475.0 341432750.0 341524025.0 341615300.0 341706575.0 341797850.0 341889125.0 341980400.0 342071675.0 342162950.0 342254225.0 342345500.0 342436775.0 342528050.0 342619325.0 342710600.0 342801875.0 342893150.0 342984425.0 343075700.0 343166975.0 343258250.0 
348050775.0 348144550.0 348238325.0 348332100.0 348425875.0 348519650.0 348613425.0 348707200.0 348800975.0 348894750.0 348988525.0 349082300.0 349176075.0 349269850.0 349363625.0 349457400.0 349551175.0 349644950.0 349738725.0 349832500.0 349926275.0 350020050.0 350113825.0 350207600.0 350301375.0 350395150.0 350488925.0 350582700.0 350676475.0 350770250.0 350864025.0 350957800.0 351051575.0 351145350.0 351239125.0 351332900.0 351426675.0 351520450.0 351614225.0 351708000.0 351801775.0 351895550.0 351989325.0 352083100.0 352176875.0 352270650.0 352364425.0 352458200.0 352551975.0 352645750.0 
357315775.0 357412050.0 357508325.0 357604600.0 357700875.0 357797150.0 357893425.0 357989700.0 358085975.0 358182250.0 358278525.0 358374800.0 358471075.0 358567350.0 358663625.0 358759900.0 358856175.0 358952450.0 359048725.0 359145000.0 359241275.0 359337550.0 359433825.0 359530100.0 359626375.0 359722650.0 359818925.0 359915200.0 360011475.0 360107750.0 360204025.0 360300300.0 360396575.0 360492850.0 360589125.0 360685400.0 360781675.0 360877950.0 360974225.0 361070500.0 361166775.0 361263050.0 361359325.0 361455600.0 361551875.0 361648150.0 361744425.0 361840700.0 361936975.0 362033250.0 
366580775.0 366679550.0 366778325.0 366877100.0 366975875.0 367074650.0 367173425.0 367272200.0 367370975.0 367469750.0 367568525.0 367667300.0 367766075.0 367864850.0 367963625.0 368062400.0 368161175.0 368259950.0 368358725.0 368457500.0 368556275.0 368655050.0 368753825.0 368852600.0 368951375.0 369050150.0 369148925.0 369247700.0 369346475.0 369445250.0 369544025.0 369642800.0 369741575.0 369840350.0 369939125.0 370037900.0 370136675.0 370235450.0 370334225.0 370433000.0 370531775.0 370630550.0 370729325.0 370828100.0 370926875.0 371025650.0 371124425.0 371223200.0 371321975.0 371420750.0 
375845775.0 375947050.0 376048325.0 376149600.0 376250875.0 376352150.0 376453425.0 376554700.0 376655975.0 376757250.0 376858525.0 376959800.0 377061075.0 377162350.0 377263625.0 377364900.0 377466175.0 377567450.0 377668725.0 377770000.0 377871275.0 377972550.0 378073825.0 378175100.0 378276375.0 378377650.0 378478925.0 378580200.0 378681475.0 378782750.0 378884025.0 378985300.0 379086575.0 379187850.0 379289125.0 379390400.0 379491675.0 379592950.0 379694225.0 379795500.0 379896775.0 379998050.0 380099325.0 380200600.0 380301875.0 380403150.0 380504425.0 380605700.0 380706975.0 380808250.0 
385110775.0 385214550.0 385318325.0 385422100.0 385525875.0 385629650.0 385733425.0 385837200.0 385940975.0 386044750.0 386148525.0 386252300.0 386356075.0 386459850.0 386563625.0 386667400.0 386771175.0 386874950.0 386978725.0 387082500.0 387186275.0 387290050.0 387393825.0 387497600.0 387601375.0 387705150.0 387808925.0 387912700.0 388016475.0 388120250.0 388224025.0 388327800.0 388431575.0 388535350.0 388639125.0 388742900.0 388846675.0 388950450.0 389054225.0 389158000.0 389261775.0 389365550.0 389469325.0 389573100.0 389676875.0 389780650.0 389884425.0 389988200.0 390091975.0 390195750.0 
394375775.0 394482050.0 394588325.0 394694600.0 394800875.0 394907150.0 395013425.0 395119700.0 395225975.0 395332250.0 395438525.0 395544800.0 395651075.0 395757350.0 395863625.0 395969900.0 396076175.0 396182450.0 396288725.0 396395000.0 396501275.0 396607550.0 396713825.0 396820100.0 396926375.0 397032650.0 397138925.0 397245200.0 397351475.0 397457750.0 397564025.0 397670300.0 397776575.0 397882850.0 397989125.0 398095400.0 398201675.0 398307950.0 398414225.0 398520500.0 398626775.0 398733050.0 398839325.0 398945600.0 399051875.0 399158150.0 399264425.0 399370700.0 399476975.0 399583250.0 
403640775.0 403749550.0 403858325.0 403967100.0 404075875.0 404184650.0 404293425.0 404402200.0 404510975.0 404619750.0 404728525.0 404837300.0 404946075.0 405054850.0 405163625.0 405272400.0 405381175.0 405489950.0 405598725.0 405707500.0 405816275.0 405925050.0 406033825.0 406142600.0 406251375.0 406360150.0 406468925.0 406577700.0 406686475.0 406795250.0 406904025.0 407012800.0 407121575.0 407230350.0 407339125.0 407447900.0 407556675.0 407665450.0 407774225.0 407883000.0 407991775.0 408100550.0 408209325.0 408318100.0 408426875.0 408535650.0 408644425.0 408753200.0 408861975.0 408970750.0 
412905775.0 413017050.0 413128325.0 413239600.0 413350875.0 413462150.0 413573425.0 413684700.0 413795975.0 413907250.0 414018525.0 414129800.0 414241075.0 414352350.0 414463625.0 414574900.0 414686175.0 414797450.0 414908725.0 415020000.0 415131275.0 415242550.0 415353825.0 415465100.0 415576375.0 415687650.0 415798925.0 415910200.0 416021475.0 416132750.0 416244025.0 416355300.0 416466575.0 416577850.0 416689125.0 416800400.0 416911675.0 417022950.0 417134225.0 417245500.0 417356775.0 417468050.0 417579325.0 417690600.0 417801875.0 417913150.0 418024425.0 418135700.0 418246975.0 418358250.0 
422170775.0 422284550.0 422398325.0 422512100.0 422625875.0 422739650.0 422853425.0 422967200.0 423080975.0 423194750.0 423308525.0 423422300.0 423536075.0 423649850.0 423763625.0 423877400.0 423991175.0 424104950.0 424218725.0 424332500.0 424446275.0 424560050.0 424673825.0 424787600.0 424901375.0 425015150.0 425128925.0 425242700.0 425356475.0 425470250.0 425584025.0 425697800.0 425811575.0 425925350.0 426039125.0 426152900.0 426266675.0 426380450.0 426494225.0 426608000.0 426721775.0 426835550.0 426949325.0 427063100.0 427176875.0 427290650.0 427404425.0 427518200.0 427631975.0 427745750.0 
431435775.0 431552050.0 431668325.0 431784600.0 431900875.0 432017150.0 432133425.0 432249700.0 432365975.0 432482250.0 432598525.0 432714800.0 432831075.0 432947350.0 433063625.0 433179900.0 433296175.0 433412450.0 433528725.0 433645000.0 433761275.0 433877550.0 433993825.0 434110100.0 434226375.0 434342650.0 434458925.0 434575200.0 434691475.0 434807750.0 434924025.0 435040300.0 435156575.0 435272850.0 435389125.0 435505400.0 435621675.0 435737950.0 435854225.0 435970500.0 436086775.0 436203050.0 436319325.0 436435600.0 436551875.0 436668150.0 436784425.0 436900700.0 437016975.0 437133250.0 
440700775.0 440819550.0 440938325.0 441057100.0 441175875.0 441294650.0 441413425.0 441532200.0 441650975.0 441769750.0 441888525.0 442007300.0 442126075.0 442244850.0 442363625.0 442482400.0 442601175.0 442719950.0 442838725.0 442957500.0 443076275.0 443195050.0 443313825.0 443432600.0 443551375.0 443670150.0 443788925.0 443907700.0 444026475.0 444145250.0 444264025.0 444382800.0 444501575.0 444620350.0 444739125.0 444857900.0 444976675.0 445095450.0 445214225.0 445333000.0 445451775.0 445570550.0 445689325.0 445808100.0 445926875.0 446045650.0 446164425.0 446283200.0 446401975.0 446520750.0 
449965775.0 450087050.0 450208325.0 450329600.0 450450875.0 450572150.0 450693425.0 450814700.0 450935975.0 451057250.0 451178525.0 451299800.0 451421075.0 451542350.0 451663625.0 451784900.0 451906175.0 452027450.0 452148725.0 452270000.0 452391275.0 452512550.0 452633825.0 452755100.0 452876375.0 452997650.0 453118925.0 453240200.0 453361475.0 453482750.0 453604025.0 453725300.0 453846575.0 453967850.0 454089125.0 454210400.0 454331675.0 454452950.0 454574225.0 454695500.0 454816775.0 454938050.0 455059325.0 455180600.0 455301875.0 455423150.0 455544425.0 455665700.0 455786975.0 455908250.0 
459230775.0 459354550.0 459478325.0 459602100.0 459725875.0 459849650.0 459973425.0 460097200.0 460220975.0 460344750.0 460468525.0 460592300.0 460716075.0 460839850.0 460963625.0 461087400.0 461211175.0 461334950.0 461458725.0 461582500.0 461706275.0 461830050.0 461953825.0 462077600.0 462201375.0 462325150.0 462448925.0 462572700.0 462696475.0 462820250.0 462944025.0 463067800.0 463191575.0 463315350.0 463439125.0 463562900.0 463686675.0 463810450.0 463934225.0 464058000.0 464181775.0 464305550.0 464429325.0 464553100.0 464676875.0 464800650.0 464924425.0 465048200.0 465171975.0 465295750.0 
